0.1	567.1590044233232
0.30000000000000004	118.55003048965148
0.5	34.65108288833805
0.7000000000000001	11.324992320110406
0.9	3.9273854625510936
1.1	1.4143231685096058
1.3000000000000003	0.5230070567091342
1.5000000000000002	0.1972835151717131
1.7000000000000002	0.07558314192005798
1.9000000000000001	0.02932360115743314
2.1	0.011495728331784387
2.3000000000000003	0.004546462318702943
2.5000000000000004	0.0018117447394079603
2.7	0.0007267370250516627
2.9000000000000004	0.0002932044787209974
3.1	0.0001189037712988862
3.3000000000000003	0.00004844154667283777
3.5000000000000004	0.000019817156432875537
3.7	8.137638431306363e-6
3.9000000000000004	3.3530896180524186e-6
4.1	1.3859819970146862e-6
4.3	5.745513395634119e-7
4.5	2.3881337148432476e-7
4.7	9.951026827267494e-8
4.9	4.156036498794153e-8
5.1	1.739510926663903e-8
5.3	7.295430793554993e-9
5.5	3.065468641484061e-9
5.7	1.290373798840155e-9
5.9	5.440800478462784e-10
6.1	2.2977250239050264e-10
6.3	9.718167773797541e-11
6.5	4.116118466267829e-11
6.7	1.7457286993096885e-11
6.9	7.4134979334544e-12
7.1	3.152105846078432e-12
7.3	1.3417856494855223e-12
7.5	5.718064380751474e-13
7.7	2.4393642478581725e-13
7.9	1.0417083731613403e-13