0.1	3225.5186558552878
0.30000000000000004	3578.1405810313804
0.5	2933.5858353919507
0.7000000000000001	2214.04490546734
0.9	1608.6144721374037
1.1	1143.9514379541095
1.3000000000000003	802.5701546642312
1.5000000000000002	557.9040117187311
1.7000000000000002	385.27509154334075
1.9000000000000001	264.7576132340084
2.1	181.25413904498976
2.3000000000000003	123.71982129696474
2.5000000000000004	84.24757710910637
2.7	57.257590680672365
2.9000000000000004	38.85187657358081
3.1	26.327387752511402
3.3000000000000003	17.820105649571286
3.5000000000000004	12.05012874602088
3.7	8.141617025381363
3.9000000000000004	5.496869482402968
4.1	3.7089071002457414
4.3	2.50112699602021
4.5	1.6858271492611479
4.7	1.135800017579358
4.9	0.764931882967308
5.1	0.5149836217402323
5.3	0.3466004360407433
5.5	0.23320784655509638
5.7	0.15687264117738828
5.9	0.10549975968117581
6.1	0.07093571506396029
6.3	0.047686518011305426
6.5	0.03205166087741281
6.7	0.021539520262880477
6.9	0.01447297184895441
7.1	0.009723455962656107
7.3	0.006531748346169225
7.5	0.004387206311641762
7.7	0.002946458391080415
7.9	0.0019786525182906006