0.000025	87069.8305635278
0.00005	180031.7619012468
0.00007500000000000001	228956.02438374163
0.0001	248373.4946512022
0.000125	252517.86557083673
0.00015000000000000001	249439.0752296582
0.00017500000000000003	243126.08238359788
0.0002	235471.7976737865
0.00022500000000000002	227366.7145338299
0.00025	219232.11107176606
0.000275	211268.2102971706
0.00030000000000000003	203568.7172227401
0.00032500000000000004	196174.3170192886
0.00035000000000000005	189098.48816447184
0.000375	182340.40948940642
0.0004	175891.6424730267
0.00042500000000000003	169739.86467286976
0.00045000000000000004	163870.90319636324
0.00047500000000000005	158269.93456076397
0.0005	152922.1632681979
0.000525	147813.2150819486
0.00055	142929.3537307432
0.000575	138257.59061036917
0.0006	133785.70645721626
0.000625	129502.29127373398
0.00065	125396.68626150327
0.000675	121458.96780057374
0.0007	117679.88685575595
0.000725	114050.84958144516
0.00075	110563.82586813306
0.000775	107211.40902704239
0.0008	103986.61048832787
0.000825	100882.9587040636
0.00085	97894.41321057042
0.000875	95015.33075250362
0.0009	92240.38516777608
0.000925	89564.66872270667
0.00095	86983.52719231653
0.000975	84492.6039341191
0.001	82087.81320262785