0.1	145.65718692808431
0.12000000000000001	168.32455100418426
0.14	189.015069903071
0.16	207.84253832423332
0.18	224.91696782658366
0.2	240.34387930314415
0.22	254.22403076604547
0.24000000000000002	266.6533608059905
0.26	277.7230453154361
0.28	287.51961561595203
0.30000000000000004	296.12511032750325
0.32	303.6172431793796
0.33999999999999997	310.0695821399236
0.36	315.5517279931509
0.38	320.1294934248388
0.4	323.8650786364012
0.42000000000000004	326.8172424197741
0.44000000000000006	329.0414678628621
0.45999999999999996	330.5901222020415
0.48	331.5126105688192
0.5	331.85552353277626
0.52	331.66277844789124
0.54	330.9757539577393
0.56	329.8334220973104
0.58	328.2724674377596
0.6	326.32740843094336
0.62	324.03070586199976
0.64	321.41287455169464
0.66	318.50258221424673
0.6799999999999999	315.32674732641334
0.7	311.9106315668348
0.72	308.2779277920337
0.74	304.45084374105755
0.76	300.450181655505
0.78	296.2954139959216
0.8	292.00475542952194
0.82	287.59523125797125
0.84	283.08274244768927
0.86	278.48212741886243
0.88	273.8072207431368
0.9	269.070908893858
0.92	264.2851831867452
0.94	259.4611900430605
0.96	254.6092787016819
0.98	249.73904650100584
1.	244.85938184631476
1.02	239.9785049731337
1.04	235.10400661218418
1.06	230.24288465680792
1.08	225.40157892918617
1.1	220.5860041373133
1.12	215.80158111049428
1.1400000000000001	211.05326639711978
1.1600000000000001	206.34558030462185
1.1800000000000002	201.6826334578319
1.2000000000000002	197.06815194843094
1.2200000000000002	192.50550114574946
1.2400000000000002	187.9977082293866
1.26	183.547483520614
1.28	179.15724065409108
1.3	174.82911566093404
1.32	170.56498501217118
1.34	166.36648267545382
1.36	162.2350162345168
1.3800000000000001	158.17178211853832
1.4000000000000001	154.17777998630285
1.4200000000000002	150.2538263079323
1.4400000000000002	146.40056718490632
1.4600000000000002	142.61849044714344
1.4800000000000002	138.90793706405177
1.5000000000000002	135.2691119046861
1.52	131.7020938804499
1.54	128.206845502169
1.56	124.78322188181987
1.58	121.4309792077272
1.6	118.1497827206425
1.62	114.9392142167807
1.6400000000000001	111.7987791026161
1.6600000000000001	108.72791302502496
1.6800000000000002	105.72598809920393
1.7000000000000002	102.79231875569081
1.7200000000000002	99.92616722676055
1.7400000000000002	97.12674869146866
1.7600000000000002	94.3932360976585
1.78	91.7247646783394
1.8	89.12043617897376
1.82	86.57932281138915
1.84	84.10047094924036
1.86	81.68290457920037
1.8800000000000001	79.32562852134461
1.9000000000000001	77.02763143151269
1.9200000000000002	74.78788859778633
1.9400000000000002	72.6053645426051
1.9600000000000002	70.47901544145518
1.9800000000000002	68.40779136850944
2.	66.39063837906414
2.02	64.42650043811345
2.04	62.514321203921064
2.06	60.65304567499005
2.08	58.84162170839803
2.1	57.07900141704842
2.12	55.364142452995786
2.14	53.69600918362829
2.16	52.07357376713278
2.18	50.49581713333055
2.2	48.96172987564814
2.22	47.470313059681914
2.24	46.02057895352396
2.2600000000000002	44.61155168473917
2.2800000000000002	43.24226782862169
2.3000000000000003	41.911776932107294
2.3200000000000003	40.61914197748234
2.3400000000000003	39.36343978980326
2.3600000000000003	38.14376139172643
2.3800000000000003	36.95921230924549
2.4000000000000004	35.80891283163868
2.42	34.69199822874647
2.44	33.60761892852473
2.46	32.554940657654114
2.48	31.533144547828414
2.5	30.541427210197075
2.52	29.57900078029462
2.54	28.645092935656624
2.56	27.73894688819432
2.58	26.859821353279756
2.6	26.00699049737894
2.62	25.179743865962486
2.64	24.377386293320306
2.66	23.59923779580992
2.68	22.844633449975866
2.7	22.11292325689027
2.72	21.403471993982258
2.74	20.71565905554564
2.7600000000000002	20.048878283040057
2.7800000000000002	19.4025377862312
2.8000000000000003	18.776059756148914
2.8200000000000003	18.168880270779752
2.8400000000000003	17.580449094351007
2.8600000000000003	17.010229471007424
2.8800000000000003	16.457697913628554
2.9000000000000004	15.92234398848509
2.92	15.403670097351265
2.94	14.901191251946804
2.96	14.414434855437435
2.98	13.94294047285732
3.	13.486259604764713
3.02	13.043955459121728
3.04	12.615602722714685
3.06	12.200787332501745
3.08	11.799106247244808
3.1	11.41016721975492
3.12	11.033588570053992
3.14	10.668998959731175
3.16	10.316037167748796
3.18	9.974351867931073
3.2	9.643601408348255
3.22	9.323453592789615
3.24	9.01358546450058
3.2600000000000002	8.713683092342373
3.2800000000000002	8.423441359516689
3.3000000000000003	8.142563754982909
3.3200000000000003	7.870762167681514
3.3400000000000003	7.607756683664302
3.3600000000000003	7.3532753862197735
3.3800000000000003	7.107054159070634
3.4000000000000004	6.868836492709844
3.4200000000000004	6.638373293931561
3.44	6.415422698604173
3.46	6.1997498877239865
3.48	5.991126906780158
3.5	5.7893324884539235
3.52	5.594151878668388
3.54	5.405376665998674
3.56	5.222804614446355
3.58	5.046239499576554
3.6	4.875490948011143
3.62	4.710374280266716
3.64	4.550710356921859
3.66	4.396325428094176
3.68	4.24705098620406
3.7	4.102723621998871
3.72	3.9631848838081662
3.74	3.8282811399979715
3.7600000000000002	3.6978634428180883
3.7800000000000002	3.5717874042564124
3.8000000000000003	3.449913057181774
3.8200000000000003	3.3321047373772394
3.8400000000000003	3.2182309596391674
3.8600000000000003	3.1081642986315305
3.8800000000000003	3.0017812726587847
3.9000000000000004	2.8989622303116156
3.9200000000000004	2.799591239938922
3.94	2.703555981898703
3.96	2.610747643539823
3.98	2.5210608168661897
4.	2.434393398834402
4.02	2.3506464942357033
4.04	2.269724321112861
4.06	2.191534118662503
4.08	2.1159860575733562
4.1	2.042993152751062
4.12	1.9724711783801236
4.14	1.9043385852740193
4.16	1.8385164204645101
4.18	1.7749282489817084
4.199999999999999	1.7135000777766436
4.22	1.6541602817386423
4.239999999999999	1.596839531760168
4.26	1.5414707248022856
4.279999999999999	1.4879889159145145
4.3	1.4363312521632474
4.319999999999999	1.386436908423658
4.34	1.3382470249904619
4.359999999999999	1.2917046469636935
4.38	1.2467546653661323
4.3999999999999995	1.20334375994986
4.42	1.1614203436499273
4.4399999999999995	1.1209345086439793
4.46	1.081837973977213
4.4799999999999995	1.0440840347129212
4.5	1.0076275125694378
4.52	0.9724247080051652
4.54	0.9384333537139468
4.56	0.9056125694939173
4.58	0.8739228184535653
4.6	0.8433258645195699
4.62	0.813784731211622
4.64	0.7852636616502336
4.66	0.7577280797641921
4.68	0.7311445526651034
4.7	0.7054807541571001
4.72	0.6807054293505855
4.739999999999999	0.6567883603494944
4.76	0.6337003329823205
4.779999999999999	0.6114131045477966
4.8	0.5898993725468002
4.819999999999999	0.5691327443727585
4.84	0.5490877079334229
4.859999999999999	0.5297396031776136
4.88	0.5110645945010958
4.8999999999999995	0.4930396440064532
4.92	0.4756424855923849
4.9399999999999995	0.45885159984851914
4.96	0.4426461897323824
4.9799999999999995	0.42700615700581634
5.	0.41191207940864893
5.02	0.39734518854806194
5.04	0.3832873484825956
5.06	0.36972103498033576
5.08	0.35662931543131715
5.1	0.3439958293947476
5.12	0.33180476976213613
5.14	0.32004086451795
5.16	0.30868935907988465
5.18	0.29773599920135335
5.2	0.2871670144192406
5.22	0.2769691020304614
5.239999999999999	0.26712941158129044
5.26	0.25763552985389687
5.279999999999999	0.2484754663349356
5.3	0.2396376391514685
5.319999999999999	0.23111086145992107
5.34	0.2228843282741563
5.359999999999999	0.21494760371916896
5.38	0.2072906086972609
5.3999999999999995	0.1999036089539607
5.42	0.19277720353128877
5.4399999999999995	0.18590231359635248
5.46	0.17927017163357817
5.4799999999999995	0.17287231098925102
5.5	0.16670055575733816
5.52	0.160747010995919
5.54	0.15500405326383454
5.56	0.14946432146749528
5.58	0.14412070800806637
5.6	0.13896635021955417
5.62	0.13399462208858454
5.64	0.12919912624695395
5.66	0.12457368622828466
5.68	0.12011233898039188
5.7	0.11580932762520703
5.72	0.11165909445836232
5.739999999999999	0.10765627418076792
5.76	0.1037956873547551
5.779999999999999	0.1000723340775803
5.8	0.0964813878653022
5.819999999999999	0.09301818974026678
5.84	0.08967824251562952
5.859999999999999	0.0864572052705602
5.88	0.08335088800995728
5.8999999999999995	0.08035524650270305
5.92	0.07746637729266259
5.9399999999999995	0.0746805128768216
5.96	0.07199401704512065
5.9799999999999995	0.06940338037672414
6.	0.06690521588761636
6.02	0.0644962548245859
6.04	0.062173342600806196
6.06	0.05993343486837835
6.08	0.05777359372334125
6.1	0.05569098403880173
6.12	0.05368286992196969
6.14	0.05174661129102135
6.16	0.049879660567838754
6.18	0.04807955948280328
6.2	0.04634393598793829
6.22	0.044670501274819266
6.24	0.04305704689377844
6.26	0.04150144197104818
6.279999999999999	0.040001630520588825
6.3	0.03855562884745667
6.319999999999999	0.03716152303966531
6.34	0.0358174665455921
6.359999999999999	0.034521677834079535
6.38	0.033272438134468396
6.3999999999999995	0.03206808925389455
6.42	0.03090703146926254
6.4399999999999995	0.029787721491397613
6.46	0.028708670498955095
6.4799999999999995	0.027668442239748323
6.5	0.02666565119722931
6.52	0.02569896081993363
6.54	0.024767081811768996
6.56	0.023868770481099894
6.58	0.023002827146644762
6.6	0.02216809459826965
6.62	0.021363456610823176
6.64	0.020587836509220896
6.66	0.01984019578304363
6.68	0.019119532748974356
6.7	0.01842488125945067
6.72	0.017755309455966473
6.74	0.017109918565505398
6.76	0.01648784173864159
6.779999999999999	0.015888242927889658
6.8	0.01531031580493446
6.819999999999999	0.01475328271541601
6.84	0.014216393669988812
6.859999999999999	0.013698925370418604
6.88	0.013200180269519237
6.8999999999999995	0.012719485663774066
6.92	0.012256192817523189
6.9399999999999995	0.011809676117637013
6.96	0.011379332257631084
6.9799999999999995	0.010964579450213764
7.	0.010564856667290798
7.02	0.010179622906484782
7.04	0.009808356483258136
7.06	0.009450554347760032
7.08	0.009105731425546087
7.1	0.008773419981349633
7.12	0.008453169005109926
7.14	0.008144543619490494
7.16	0.007847124508145923
7.18	0.007560507364021268
7.2	0.007284302356991734
7.22	0.007018133620174549
7.24	0.006761638754266858
7.26	0.006514468349286132
7.279999999999999	0.006276285523110134
7.3	0.006046765476234508
7.319999999999999	0.005825595062185678
7.34	0.005612472373045621
7.359999999999999	0.00540710633956434
7.38	0.00520921634535285
7.3999999999999995	0.0050185318546676445
7.42	0.004834792053313662
7.4399999999999995	0.004657745502209507
7.46	0.004487149803173786
7.4799999999999995	0.0043227712765070425
7.5	0.004164384649957889
7.52	0.004011772758676477
7.54	0.0038647262557716857
7.56	0.003723043333101963
7.58	0.0035865294519421185
7.6	0.003454997083181044
7.62	0.003328265456716832
7.64	0.003206160319727646
7.66	0.0030885137035074283
7.68	0.0029751636985665807
7.7	0.002865954237707802
7.72	0.0027607348867975984
7.74	0.00265936064296331
7.76	0.002561691739955173
7.779999999999999	0.002467593460421664
7.8	0.0023769359548553213
7.819999999999999	0.0022895940669745212
7.84	0.0022054471653148227
7.859999999999999	0.002124378980811484
7.88	0.0020462774501621202
7.8999999999999995	0.0019710345647660486
7.92	0.0018985462250436975
7.9399999999999995	0.0018287120999465392
7.96	0.0017614354914743625
7.9799999999999995	0.0016966231066893366
8.	0.0016341853215139043