0.1	692.7295723180229
0.30000000000000004	216.01223934206203
0.5	94.19140895179748
0.7000000000000001	45.92510848102792
0.9	23.75929750529449
1.1	12.764285688361634
1.3000000000000003	7.04163000198906
1.5000000000000002	3.9625453283176997
1.7000000000000002	2.2647808263892255
1.9000000000000001	1.3107997053463887
2.1	0.7666079450899159
2.3000000000000003	0.4523016923680021
2.5000000000000004	0.26888676026301006
2.7	0.16090424023958122
2.9000000000000004	0.09684531028508345
3.1	0.058589719289898035
3.3000000000000003	0.03560914791864356
3.5000000000000004	0.021732150850055167
3.7	0.013313049770553692
3.9000000000000004	0.008183557152970915
4.1	0.0050462915779877285
4.3	0.0031207672942700536
4.5	0.0019351247921647215
4.7	0.001202918009446127
4.9	0.0007494890212999927
5.1	0.0004679838613831272
5.3	0.0002928009288875347
5.5	0.00018354230386371162
5.7	0.00011525841149203211
5.9	0.0000724999465662337
6.1	0.00004567628070620047
6.3	0.000028820058923246282
6.5	0.000018210259325721057
6.7	0.000011521865711112231
6.9	7.29939761135683e-6
7.1	4.630015399303928e-6
7.3	2.940238625380833e-6
7.5	1.8692451797590551e-6
7.7	1.18962936453966e-6
7.9	7.578774218582731e-7