0.	180.06326323142144
0.01	10.950305228568293
0.02	7.514193812585801
0.03	5.953987637732212
0.04	5.003912718313568
0.05	4.343360574561125
0.06	3.847746283590555
0.07	3.457038356188078
0.08	3.138191127211908
0.09	2.8712717266591783
0.1	2.6434233064079606
0.11	2.445915998379557
0.12	2.2725760360899474
0.13	2.118890604389005
0.14	1.981469350737788
0.15	1.8577056969479673
0.16	1.7455557206465488
0.17	1.6433891405903065
0.18	1.549886111347545
0.19	1.463964023384408
0.2	1.384724487492132
0.21	1.3114142194828216
0.22	1.2433956992076376
0.23	1.1801248319434459
0.24	1.121133711174372
0.25	1.06601715469142
0.26	1.0144220704574645
0.27	0.9660389715413731
0.28	0.9205951421361434
0.29	0.8778490856345332
0.3	0.8375859780434152
0.31	0.799613916953303
0.32	0.7637608054019859
0.33	0.7298717464248431
0.34	0.6978068514182958
0.35000000000000003	0.6674393861376283
0.36	0.6386541939609989
0.37	0.6113463482334115
0.38	0.5854199949655762
0.39	0.5607873545659194
0.4	0.5373678571181882
0.41000000000000003	0.5150873903454969
0.42	0.4938776430967708
0.43	0.47367553015925035
0.44	0.454422686597802
0.45	0.4360650217684213
0.46	0.4185523247423202
0.47000000000000003	0.40183791418039605
0.48	0.38587832677204514
0.49	0.37063303924146734
0.5	0.35606421966380597
0.51	0.3421365044504989
0.52	0.3288167978802753
0.53	0.3160740914871487
0.54	0.3038793009838987
0.55	0.2922051187105188
0.56	0.2810258798614237
0.5700000000000001	0.270317440970557
0.58	0.2600570693262679
0.59	0.250223342153138
0.6	0.24079605454014652
0.61	0.2317561352172224
0.62	0.22308556938834423
0.63	0.21476732792118808
0.64	0.2067853022738098
0.65	0.19912424460748293
0.66	0.19176971259696926
0.67	0.1847080185017268
0.68	0.17792618210881006
0.6900000000000001	0.17141188719914965
0.7000000000000001	0.165153441225106
0.71	0.15913973791913524
0.72	0.153360222581653
0.73	0.14780485982121508
0.74	0.14246410354234829
0.75	0.13732886899612495
0.76	0.13239050672616998
0.77	0.12764077825849535
0.78	0.12307183339758546
0.79	0.11867618900372429
0.8	0.11444670913781119
0.81	0.11037658647002735
0.8200000000000001	0.10645932485780593
0.8300000000000001	0.10268872300674542
0.84	0.09905885913548973
0.85	0.09556407657226212
0.86	0.09219897021677088
0.87	0.08895837380665826
0.88	0.08583734793261116
0.89	0.082831168750743
0.9	0.07993531734493323
0.91	0.07714546969552333
0.92	0.0744574872141486
0.93	0.07186740780756667
0.9400000000000001	0.06937143743615778
0.9500000000000001	0.06696594213534222
0.96	0.06464744047051389
0.97	0.0624125963982409
0.98	0.060258212508460154
0.99	0.05818122362420365
1.	0.05617869073705767
1.01	0.05424779525808697
1.02	0.052385833565362104
1.03	0.050590211830525485
1.04	0.04885844110802563
1.05	0.04718813267175278
1.06	0.045576993584826045
1.07	0.04402282248922344
1.08	0.04252350560281675
1.09	0.04107701291217806
1.1	0.03968139455027146
1.11	0.03833477734883528
1.12	0.03703536155590153
1.1300000000000001	0.03578141770949638
1.1400000000000001	0.03457128365911788
1.1500000000000001	0.033403361727103176
1.16	0.03227611600247589
1.17	0.031188069760310976
1.18	0.030137803000069657
1.19	0.0291239500967444
1.2	0.028145197559016143
1.21	0.027200281888962757
1.22	0.026287987538173595
1.23	0.025407144955418987
1.24	0.02455662872129992
1.25	0.023735355765560573
1.26	0.022942283662987707
1.27	0.0221764090040477
1.28	0.021436765836623684
1.29	0.020722424175413912
1.3	0.02003248857573991
1.31	0.019366096768687183
1.32	0.018722418354666724
1.33	0.01810065355263967
1.34	0.017500032002393077
1.35	0.016919811617391887
1.36	0.016359277485860406
1.37	0.015817740817868423
1.3800000000000001	0.01529453793631085
1.3900000000000001	0.014789029309778025
1.4000000000000001	0.014300598625414522
1.41	0.013828651899961027
1.42	0.013372616627263318
1.43	0.012931940960618473
1.44	0.012506092928408354
1.45	0.012094559681547115
1.46	0.011696846771341054
1.47	0.01131247745642739
1.48	0.010940992037522947
1.49	0.010581947218774451
1.5	0.010234915494560095