0.	0.
0.01	0.015198277320770216
0.02	0.03054365555107894
0.03	0.04508060129273705
0.04	0.058756492029142515
0.05	0.07157761934353024
0.06	0.08356746297277151
0.07	0.0947559559675834
0.08	0.1051755252977727
0.09	0.1148593875716094
0.1	0.12383872075055817
0.11	0.13214863677893432
0.12	0.13982202311249317
0.13	0.1468877249182209
0.14	0.15337550780570727
0.15	0.15931202684741275
0.16	0.164729239884922
0.17	0.16965129399043116
0.18	0.17410365123880175
0.19	0.17811071965406866
0.2	0.1816928513123559
0.21	0.18487888813743097
0.22	0.18767785144622876
0.23	0.19012922148307757
0.24	0.192242524499388
0.25	0.19403652773123392
0.26	0.19552921169460788
0.27	0.1967376985034358
0.28	0.19767836470845257
0.29	0.1983668373144789
0.3	0.19881803964948608
0.31	0.19904619577103866
0.32	0.19906487344963078
0.33	0.19888701753739457
0.34	0.19852494941821305
0.35000000000000003	0.19798680645579134
0.36	0.19729136452995766
0.37	0.1964453344414068
0.38	0.1954588421310238
0.39	0.19434159056468492
0.4	0.19310275014310743
0.41000000000000003	0.19175107480496295
0.42	0.19029489475803604
0.43	0.1887421063453245
0.44	0.18709577043189765
0.45	0.18537226539588456
0.46	0.18357354380127452
0.47000000000000003	0.18170603751910983
0.48	0.1797758482461651
0.49	0.17778875500730432
0.5	0.17575024226348013
0.51	0.17366549672485496
0.52	0.17153943644695915
0.53	0.16937672203446474
0.54	0.167181731921471
0.55	0.16495863259989418
0.56	0.16271135612581136
0.5700000000000001	0.1604436085371927
0.58	0.15815888547725668
0.59	0.15586048659251286
0.6	0.1535515163935056
0.61	0.15123490275738155
0.62	0.14891339429322598
0.63	0.1465862241214201
0.64	0.14426586110197726
0.65	0.14194454497687298
0.66	0.13962774248729634
0.67	0.13731748293053692
0.68	0.13501560331453022
0.6900000000000001	0.13272384447532773
0.7000000000000001	0.13044388501808024
0.71	0.12817708952068407
0.72	0.12592501002262976
0.73	0.12368889825657127
0.74	0.12146996396648257
0.75	0.11926774389561715
0.76	0.11708651268134862
0.77	0.11492553779988304
0.78	0.11278568770475833
0.79	0.11066775249443722
0.8	0.10857245497741178
0.81	0.10650045529082085
0.8200000000000001	0.10445233174851073
0.8300000000000001	0.10242862070927905
0.84	0.10042979188175721
0.85	0.09845627584922044
0.86	0.09650843693415279
0.87	0.09458659871133605
0.88	0.09269102634920978
0.89	0.09082195877093571
0.9	0.08897959428769374
0.91	0.08716408786070884
0.92	0.08537554430369552
0.93	0.083614054628725
0.9400000000000001	0.08187967099466394
0.9500000000000001	0.08017241657173899
0.96	0.07849228391914828
0.97	0.07683761866314347
0.98	0.07521170400811056
0.99	0.07361273693756283
1.	0.07204062432852679
1.01	0.07049523549940698
1.02	0.0689764373311574
1.03	0.06748407026943656
1.04	0.06601796137734448
1.05	0.06457792185073076
1.06	0.06316374909762408
1.07	0.06177522859836947
1.08	0.060412133501470205
1.09	0.05907422548304566
1.1	0.05776125649273929
1.11	0.056472969335850276
1.12	0.05520909877969598
1.1300000000000001	0.053969372191679715
1.1400000000000001	0.05275350957078028
1.1500000000000001	0.05156122268775597
1.16	0.050392227809829666
1.17	0.04924622153178039
1.18	0.0481229061843759
1.19	0.047021976549996736
1.2	0.04594312884579321
1.21	0.044886050590894025
1.22	0.04385043030814749
1.23	0.042835953617448776
1.24	0.0418423082461883
1.25	0.04086917636916259
1.26	0.03991624059958866
1.27	0.03898318884816408
1.28	0.038069699671877275
1.29	0.037175458611810944
1.3	0.036300150757171926
1.31	0.03544346164986969
1.32	0.0346050776598886
1.33	0.03378468751170741
1.34	0.032981979492866104
1.35	0.032196639133229024
1.36	0.03142838494055129
1.37	0.030676887816401172
1.3800000000000001	0.029941853613766257
1.3900000000000001	0.029222983543143205
1.4000000000000001	0.028519981960319664
1.41	0.027832555734821705
1.42	0.02716041195718271
1.43	0.026503265826556134
1.44	0.025860830440123092
1.45	0.025232825164680377
1.46	0.024618972909869145
1.47	0.02401899855608333
1.48	0.023432630498971267
1.49	0.022859609538990203
1.5	0.022299645948712685