0.	0.
0.1	0.0367112041878448
0.2	0.08218313020823953
0.30000000000000004	0.11917806355909878
0.4	0.14475562033672168
0.5	0.15959174316721336
0.6000000000000001	0.165521478197785
0.7000000000000001	0.16460604867076795
0.8	0.15875309435286453
0.9	0.1495772921200731
1.	0.1383715855249388
1.1	0.12612834150445457
1.2000000000000002	0.11358049170716963
1.3	0.10124773894705148
1.4000000000000001	0.08948064081788398
1.5	0.07849945049179616
1.6	0.0684267278532942
1.7000000000000002	0.05931381622231711
1.8	0.051161785191984686
1.9000000000000001	0.043937631038442726
2.	0.03758655062075995
2.1	0.03204104641686386
2.2	0.027227526406606726
2.3000000000000003	0.02307095876051833
2.4000000000000004	0.01949804125209588
2.5	0.016439255397379227
2.6	0.013830097943311635
2.7	0.011611717672401487
2.8000000000000003	0.0097311326515855
2.9000000000000004	0.008141160615104379
3.	0.006800161582257813
3.1	0.005671665567457125
3.2	0.0047239379806679
3.3000000000000003	0.003929519858945145
3.4000000000000004	0.003264768416658692
3.5	0.0027094147287790925
3.6	0.002246148998061695
3.7	0.001860239265547203
3.8000000000000003	0.0015391861781673126
3.9000000000000004	0.001272414192717796
4.	0.0010509981117416125
4.1000000000000005	0.0008674229133196836
4.2	0.000715374300129889
4.3	0.0005895571373970072
4.4	0.0004855388875705677
4.5	0.00039961521727271976
4.6000000000000005	0.00032869510205503456
4.7	0.0002702029527367461
4.800000000000001	0.00022199550943704353
4.9	0.0001822914791563329
5.	0.0001496121187000867